time,x,y,z,phi,theta,psi,x_velocity,y_velocity,z_velocity,phi_velocity,theta_velocity,psi_velocity,rotor_speed1,rotor_speed2,rotor_speed3,rotor_speed4
0.06,1.0340943918443744e-07,-8.495199714889248e-08,10.005617835826996,6.282892443699595,6.282966264978558,0.0,1.4611140785389075e-05,-1.686996486957452e-05,0.1872483299766099,-0.017072638442679984,-0.012191115318909648,0.0,463.7997636830649,462.84152749257737,464.8637581460252,463.52433738986565
0.12000000000000001,9.24443618831067e-06,-1.1895771901038199e-05,10.023375494971564,6.2824492236392455,6.28248866219284,0.0,0.0003609176338668069,-0.00045859398139678624,0.40462129968038185,0.007110857826581137,-0.0006145464977318719,0.0,471.53432509934873,472.42774564612154,472.5596453051261,474.41990492676655
0.18,4.623068487457613e-05,-5.358427833707933e-05,10.051703436565589,6.282974733166828,6.282126509466801,0.0,0.000889940301121531,-0.000879756179112684,0.539588800630549,0.011865426468495114,-0.020015600843690258,0.0,448.7812678322932,447.2040781753408,447.9150083680103,448.3013274920546
0.23999999999999996,0.00012795756591578493,-0.00010812045278874664,10.088869213151941,0.0005215627734207473,6.281279053387529,0.0,0.0019454380121842936,-0.0008580772315227824,0.699185741349837,0.012867606850634062,-0.00437941748021651,0.0,455.08209215412774,456.3318689198349,455.7407934122966,455.82075169117417
0.3,0.00028973127725980295,-0.0001442813104654779,10.136273743249923,0.0012513442778461226,6.2805645146477325,0.0,0.0034938686106546148,-0.00026164695658326245,0.8808424692817686,0.010715276477101006,-0.03455595381883056,0.0,464.25507207795675,461.8816475000517,462.2316638543006,462.0619115937075
0.36000000000000004,0.0005610747836804748,-0.00013185722439583282,10.192042387801223,0.0015992076470752181,6.2786159867188225,0.0,0.005754665685418285,0.0007285135181149794,0.9780330818670381,-0.006510704665358686,-0.028609907962934375,0.0,436.25603333580534,436.7517484385221,437.83434566585004,436.39895029542015
0.4200000000000001,0.0010234318844864526,-5.157963287412382e-05,10.257074360079084,0.0009228036286152985,6.276411911257007,0.0,0.0098771507107881,0.0018866021117562404,1.1895022698934343,-0.023089008249195186,-0.06261335222949418,0.0,472.52720822825006,469.898114051985,473.25969036686683,471.982203283629
0.48000000000000015,0.0017840770338269846,7.701754302276475e-05,10.333331648631933,6.283040611990721,6.272969049815977,0.0,0.015875117326914396,0.0022652395097351166,1.3522257959910164,-0.008880038655867973,-0.04856496437063113,0.0,457.8541162065454,458.96809438116753,456.5875982526399,457.7197233370663
0.5400000000000001,0.0029155400357094054,0.00020883030141945105,10.41346033311942,6.28241312058908,6.270267689871115,0.0,0.022070997830200733,0.002080960006492105,1.3187671268135617,-0.013817628499472644,-0.03874392786822361,0.0,394.2669684748189,395.1717420914731,393.8917979097978,393.43505611825196
0.6000000000000002,0.00451121722661396,0.00031498700050862697,10.495263432560341,6.281129682960827,6.26798009928927,0.0,0.031348294257243975,0.0013594162885573785,1.4078936427469073,-0.04425381092697629,-0.036919707716861316,0.0,435.52758903849804,435.6793862132256,436.0627766047042,433.5129046541181
0.6600000000000003,0.006726478159006088,0.0003436118711917137,10.583488684152304,6.279493658435449,6.265400147152153,0.0,0.042740157515006524,-0.0006185007730470309,1.5327839931703642,-0.00569089892323422,-0.05934410498854652,0.0,447.0088960673698,445.1767936403029,445.75890381985306,448.89839637235315
0.7200000000000003,0.009708299939237436,0.00022154601071596556,10.680429750712666,6.279180963159451,6.261900095437966,0.0,0.05704383093605363,-0.0034859737691643666,1.6983456293316277,-0.004269750818666112,-0.05638803461728814,0.0,459.35168121762405,459.5837708608171,459.5795655238301,459.6922764603176
0.7800000000000004,0.013633991078545814,-8.063382532474107e-05,10.787627731021086,6.278910822113108,6.258496277815484,0.0,0.0741908990925705,-0.006615349531044584,1.8746387303349312,-0.004971682555855646,-0.05742346290259047,0.0,462.18332241977635,462.099647084283,464.47881314689585,464.4238490449785
0.8400000000000004,0.0186460798529956,-0.0005734317390707786,10.904578697031397,6.278530113743223,6.254711776271648,0.0,0.09326322603217975,-0.009847018846906207,2.0234640462098072,-0.009244285145533996,-0.07784797658978794,0.0,456.8979148500248,455.2637940818009,455.2444460369287,454.9025680433034
0.9000000000000005,0.02498230985796775,-0.001284389232526993,11.033560433119384,6.277674875137734,6.250009447423256,0.0,0.11851387018605092,-0.013933761026262726,2.275441199578087,-0.026858419417249965,-0.07944100048267165,0.0,487.27503396239916,487.1516268198213,486.6816933402148,485.3617165606453
0.9600000000000005,0.032846700286395,-0.0022490981346998964,11.174572114696176,6.27597574816107,6.2458346039337815,0.0,0.14410483042517613,-0.018401981539840535,2.424623832781265,-0.031411807185699595,-0.054891388971315735,0.0,456.2025760644257,458.15475334320723,457.5718196551258,457.20900421215134
1.0200000000000005,0.042148148102929335,-0.0034836168075124546,11.319645801470045,6.27412189282693,6.242585664177199,0.0,0.16622281254448953,-0.02290802419128579,2.4111799981981474,-0.029888676597302273,-0.05270463600392605,0.0,405.9109837456724,406.1049208667652,404.8233378906782,404.95994021527883
1.0800000000000005,0.052884570186355014,-0.005032233067304471,11.465183274381067,6.272114381364737,6.2395941557988035,0.0,0.19193572577486304,-0.02888453610874113,2.439991722416171,-0.04177363668016385,-0.04470176814490113,0.0,419.2738349724456,419.9667989240825,420.2906237995078,419.25875265838454
1.1400000000000006,0.06539333703645116,-0.007024261800794769,11.616437207476432,6.270143342033027,6.237160080950257,0.0,0.22528964478753422,-0.037756113320775816,2.601433409040302,-0.019239437502221873,-0.03337194828497679,0.0,462.08249140257817,462.9739355330323,460.2315473831343,462.01112794606365
1.2000000000000006,0.07978082585952014,-0.009537988941838601,11.773613097589775,6.269181740000324,6.235022403153582,0.0,0.25447949971679656,-0.046130833259385794,2.6376657707929745,-0.010271724104932108,-0.040570750310938986,0.0,424.6620056041213,424.04342255385444,421.56667283861424,422.3409076900461
1.2600000000000007,0.09618471884210333,-0.01263558845852604,11.937564227592043,6.268423520171382,6.23281821585665,0.0,0.2925597031080093,-0.05719451114328574,2.8269036851723515,-0.017845470169037047,-0.03000058135492844,0.0,470.2778208922145,471.0952742921042,471.83173672004045,471.2467965638078
1.3200000000000007,0.11479163514686169,-0.01637820677007535,12.110298581308479,6.267056643913648,6.231197204058491,0.0,0.3278305673695938,-0.0676777521173763,2.930631332782463,-0.03514565458512039,-0.021633641709424316,0.0,445.8840925809319,446.56693371194183,446.6075208316903,445.1941438274338
1.3800000000000008,0.1356015922651584,-0.020799289406829947,12.29031075529945,6.264447600733636,6.229918594925081,0.0,0.3659521675491381,-0.07992819296451052,3.069394070743169,-0.07066919263642027,-0.020670957543079984,0.0,456.7823119509186,456.859090205798,459.54309682432324,456.7171998200595
1.4400000000000008,0.158777957761111,-0.02603988996723784,12.479613833415064,6.260408228894235,6.228672272886689,0.0,0.4067053156183829,-0.09521367295074822,3.2402150397904776,-0.061356126340694574,-0.020974939071176396,0.0,468.50996360999005,468.4863652107535,467.0373127615002,467.7599486694105
1.5000000000000009,0.18453183665623812,-0.032332113571330125,12.681067500186938,6.256821136888146,6.227491878422807,0.0,0.45186511091925935,-0.11495301040785917,3.474196914608326,-0.05681547499920211,-0.01718945324312695,0.0,487.60794306613144,487.89073094398464,486.9334635212139,487.2708454385904
1.560000000000001,0.21272180972804522,-0.039750688027801094,12.891174272012293,6.253542762861468,6.226340863719212,0.0,0.487891371085913,-0.13264630618296863,3.529170362662825,-0.050610263730967345,-0.023503742926062814,0.0,434.96633170856853,434.43721780245096,434.2390539527513,434.75721834957847
1.620000000000001,0.2430634231347771,-0.04827556489516397,13.104001528670228,6.250497089529182,6.224620037660987,0.0,0.5236277665825002,-0.15179368073315347,3.564933814751713,-0.05106475094433307,-0.04183067028363006,0.0,429.4458115488792,427.88802966841524,428.9451495731104,428.9048105168916
1.680000000000001,0.27592129648448405,-0.05819612059987131,13.32468147034216,6.247628429702669,6.222717767174153,0.0,0.5718473805230739,-0.17922320788409488,3.790301206005213,-0.04199150975196721,-0.016712991403610048,0.0,486.47819062206503,488.3550203024141,486.31914687170746,486.9971153371981
1.740000000000001,0.3114432342113309,-0.06967068031716794,13.554452308450744,6.244672959309117,6.221712132479489,0.0,0.6122952752170542,-0.20351574562263794,3.8684364468868933,-0.0706074457671936,-0.01685591687080022,0.0,444.49894708406725,444.48731764432057,445.32893002491545,442.9801047896946
1.8000000000000012,0.3493432774258869,-0.08262517407454661,13.787806979486488,6.24024784169173,6.220318509401835,0.0,0.6511329379262651,-0.22869779036988164,3.909874678943166,-0.08092400687481216,-0.040708462247803494,0.0,434.5861155607376,432.58187774892997,433.33584667235186,432.4632362479455
1.8600000000000012,0.38983183036425606,-0.09733368547571822,14.027231176009362,6.2350196158291915,6.217766002199703,0.0,0.6987211477685146,-0.26211397612546505,4.0703099399763145,-0.10398398209165124,-0.04648546037659588,0.0,470.4177570016932,469.9692866661833,471.773911842676,469.98381358085055
1.9200000000000013,0.4327022442215271,-0.11377377778526769,14.268236786337042,6.228435892006113,6.215183194561622,0.0,0.7305032570064933,-0.2863618222884577,3.9635364492979095,-0.12482534597855528,-0.03693195757493312,0.0,384.1185316725327,385.0221856495091,384.9314845707996,382.9408128822162
1.9800000000000013,0.4777288893381777,-0.13194257645046759,14.505951566336313,6.220794450777479,6.212784418012383,0.0,0.7705781433289476,-0.31991904802432514,3.9602282818484094,-0.13296823657233786,-0.046901366228761544,0.0,420.22276585090907,419.35665609794444,419.8272843145191,419.1041693407211
2.0400000000000014,0.5254933494401196,-0.15252285060431547,14.74757045212755,6.213238060556941,6.209396059567357,0.0,0.8218139467350657,-0.36688378123921445,4.093161727570047,-0.11468216508531065,-0.11944977858472391,0.0,465.1078417649431,459.3862947391146,463.24991632422706,464.6717404227866
2.1000000000000014,0.5767574240357694,-0.17639534238537688,15.00156407244478,6.2063958321362485,6.201800832451841,0.0,0.8878460684287524,-0.4296648531703977,4.372076925186263,-0.11277845330913913,-0.14731121438343628,0.0,507.8422320092652,505.8267092277589,506.31493494621407,506.442041691332
2.1600000000000015,0.6316658430163339,-0.20372062042203098,15.26598695612062,6.199338935003944,6.192732333127491,0.0,0.9432796996963145,-0.4818184190524803,4.441568685541206,-0.12964889597532,-0.1601695592463026,0.0,447.54922403136067,446.47978639364277,448.2234579698332,446.8376303983913
2.2200000000000015,0.690327630345184,-0.23454210372854017,15.537198069405703,6.192241282984979,6.183371919393807,0.0,1.0130956215208344,-0.5463108022080343,4.597943213192409,-0.10198174631535113,-0.14877364499836912,0.0,475.30083150327204,476.1521160431857,472.83299565430434,474.94775241612774
2.2800000000000016,0.7530208134538317,-0.2690545046580699,15.814191685081619,6.186637803694595,6.174115007575518,0.0,1.0774936748144703,-0.6046147412264476,4.634818661684711,-0.08018173710928525,-0.16853578931050195,0.0,440.9563976257999,439.297477636745,438.31493905237323,440.1154002150278
2.3400000000000016,0.8196817338131561,-0.3071003018003558,16.09270790843208,6.181589959771689,6.1639122683046175,0.0,1.1454285645799438,-0.6639957414963557,4.648771028692654,-0.09350125000362636,-0.1732457748752443,0.0,433.071393148593,432.6463861500945,433.7819211798644,432.65572673523315
2.4000000000000017,0.8909723340434202,-0.3491109823935932,16.37503988046504,6.176048043329683,6.153742797624393,0.0,1.2319224339304975,-0.7368693977808557,4.761532507120859,-0.09018649315803973,-0.16288613200976576,0.0,464.27696153751805,465.0629153734599,464.95470498124905,465.20757687192884
2.4600000000000017,0.967862755266741,-0.39577007428402655,16.66559276909424,6.170451974012266,6.14352454580969,0.0,1.3320850026367879,-0.8189427006334392,4.922540047714341,-0.10027342204294244,-0.19234283052762682,0.0,481.39801937934055,479.13728076333274,481.96704396229444,481.19731171962655
2.520000000000002,1.0502930178737295,-0.44691588201840426,16.96083691719274,6.164770475882234,6.132296178546589,0.0,1.4165599604797954,-0.8863979743158984,4.918623542434523,-0.08538323630188874,-0.17837360418178094,0.0,431.36954707951924,432.5124414738484,430.7520872832008,432.00161285182185
2.580000000000002,1.1388816555781958,-0.5028941265717208,17.261578151713735,6.159047390145961,6.12161937342443,0.0,1.5374667355454281,-0.9799923370234751,5.104832537339689,-0.1472890761379915,-0.1771076584868845,0.0,490.31516980873374,490.381926075625,494.2119574579571,489.6182820999049
2.640000000000002,1.2341715520432728,-0.5640254434446654,17.568615974397847,6.150545759494388,6.110761856984823,0.0,1.6397882160473822,-1.0584515183842553,5.129219456892414,-0.13236991976385248,-0.19004136645196879,0.0,445.085317860241,443.9934783290609,443.3777136617118,444.58306083274897
2.700000000000002,1.3357939077839702,-0.6300081555354142,17.877017801435198,6.142739845965062,6.0998676333548545,0.0,1.748573369745066,-1.141625795271326,5.1502807372131585,-0.12590836726301324,-0.16851283670489794,0.0,443.6755216432294,445.4075143935652,443.97982126660986,444.4941978171528
2.760000000000002,1.4442844383843345,-0.701229769462494,18.187402162389528,6.135060020636621,6.089488202177776,0.0,1.8686515236672185,-1.2330633838297749,5.195160514886589,-0.13253594195851992,-0.1839053923145041,0.0,454.94825693961843,453.6855975870241,452.4432336966894,451.89453531753884
2.820000000000002,1.5595345888691443,-0.777597319754138,18.497210876639766,6.126972469886121,6.079371008522479,0.0,1.973842971222213,-1.3131416898369561,5.131622151853196,-0.1397318170361334,-0.14851835878466169,0.0,417.63867604863697,420.6840571537445,418.9813902022399,418.33713060644493
2.880000000000002,1.6820360534508483,-0.859489144647556,18.806890586642595,6.118403644406511,6.070340850973338,0.0,2.1102731374241532,-1.417293507540984,5.1901925572315974,-0.14981735298627552,-0.15479415539907393,0.0,460.82343014242633,460.3065116507105,459.09060685364136,458.2711072671831
2.940000000000002,1.8136920211864553,-0.9483985711568744,19.123618135275365,6.10889354327284,6.061338764911703,0.0,2.2790225767548566,-1.5471631993993675,5.36582784615949,-0.18795980420830158,-0.14190999900867782,0.0,496.0484248817697,496.97510383391494,498.94509333124455,496.1299374442706
3.000000000000002,1.9554766686375482,-1.0451703586451286,19.44994452176154,6.097614210015175,6.052717068442735,0.0,2.4477971060576813,-1.679566196396509,5.510210940538282,-0.1880470266818685,-0.1475229470751726,0.0,490.5822670707145,490.14806255524235,491.5809772238592,491.54388597404056
3.0600000000000023,2.1063831591572884,-1.149187528007801,19.779888433681432,6.086001585224949,6.0440241836129935,0.0,2.583077528524206,-1.7885636900380362,5.487329823532238,-0.20775099872076838,-0.14006750981238048,0.0,440.94492285243626,441.5407049060712,442.61348529737575,440.9512088462634
3.1200000000000023,2.2662871288009003,-1.2605372362827518,20.11133567240082,6.073413621144962,6.035500343506616,0.0,2.747663332202754,-1.9241299372241882,5.559669359304796,-0.21423935314220785,-0.1463846069817505,0.0,473.89407624882193,473.3906805245315,473.72308014270914,473.1833430742701
3.1800000000000024,2.4353609464346118,-1.379544353498749,20.44368313449481,6.061297823465679,6.026637797199838,0.0,2.8887670521891597,-2.0437118104100116,5.517974574526475,-0.18464424787236774,-0.15049557852583006,0.0,438.92994459731364,438.56776973160106,438.5583433840385,440.9687955743451
3.2400000000000024,2.613340609072307,-1.506166763337018,20.774551237528758,6.050379072026921,6.017416228006647,0.0,3.0445315272286955,-2.1778577138363153,5.510109859153094,-0.17712758100888376,-0.1609974264630221,0.0,453.68167927635324,452.81558000744747,450.3431722577458,450.9193122655782
3.3000000000000025,2.799696854722018,-1.6400649953671362,21.100861694198105,6.040003282684342,6.0076515505182435,0.0,3.168038065524323,-2.286165514670187,5.366857654836111,-0.16564434004193873,-0.16648497503347967,0.0,407.75798221127724,407.23942044419806,405.4752233267049,406.4738642470941
3.3600000000000025,2.995068097969278,-1.7818563833956962,21.42355207347366,6.030628249271125,5.998180379493013,0.0,3.344989277507875,-2.4408868207753325,5.388350672743785,-0.14210218088266943,-0.14459940201618915,0.0,462.72842694583886,464.4255754775842,463.29230993544985,465.1176144693222
3.4200000000000026,3.200673548385185,-1.9326282957700966,21.74564852597738,6.021750370804021,5.990001290739983,0.0,3.5090609418490235,-2.585448200147454,5.347470935989374,-0.16348056006763542,-0.1234862837043426,0.0,444.23825932690886,445.9490615003114,447.0160502870427,445.24921991710437
3.4800000000000026,3.4167490581395503,-2.092654436116689,22.066817528277873,6.011913361068229,5.982387116434435,0.0,3.693858709294616,-2.7494363694373196,5.357050040437014,-0.1649049781186639,-0.13479382434293657,0.0,463.77776707862125,462.8745028939628,465.0439640089899,464.9080195880108
3.5400000000000027,3.643579814113548,-2.262296088436236,22.387046198561332,6.001788215171784,5.97464731643092,0.0,3.8676147375614396,-2.9059722753859902,5.316377952908569,-0.17782654070852624,-0.11939045500268487,0.0,449.4855566436303,450.7172856301617,450.21487901944494,449.14081277673546
3.6000000000000028,3.8818675030180563,-2.4423002505862037,22.707500736450598,5.991142029038542,5.967393188810217,0.0,4.075592213285432,-3.0948708261311695,5.363918915902686,-0.17666854581333227,-0.12410783861453513,0.0,481.46370058232577,481.09459128950294,480.64944919469366,480.7094656472569
3.660000000000003,4.132423091820288,-2.6335414422757943,23.02971672820541,5.981033196589641,5.960254080506511,0.0,4.276552355736749,-3.280497132281103,5.375269437088459,-0.1557654360837203,-0.11033043425775958,0.0,473.13348126206466,474.1813902193706,470.7111096820291,472.3005902068692
3.720000000000003,4.3935937783744,-2.834715928674723,23.348101441713645,5.97152215720541,5.9540002730026345,0.0,4.429500430902747,-3.4259995016856215,5.237258744816969,-0.1646746830787292,-0.09420539805474444,0.0,423.2041911395337,424.5800783968099,424.12139114673494,423.3299873653958
3.780000000000003,4.665087747941917,-3.045732748235815,23.661141366532686,5.9614775531378825,5.94916454435889,0.0,4.620407694124413,-3.608553545480298,5.196405294579809,-0.17352536978305655,-0.06202133119487158,0.0,458.0415216454262,460.58910022178003,458.95765005633467,458.2285037071771
3.840000000000003,4.947287654842295,-3.267147068568093,23.96946424522613,5.950688871014265,5.94580824261341,0.0,4.786328351886868,-3.772686144794468,5.080544550276465,-0.19692080829970737,-0.04593363414851971,0.0,433.7063498505843,435.05356191479376,436.4096578395556,434.4192190942866
3.900000000000003,5.240172205929692,-3.4992444501274576,24.272673736915866,5.939071792709093,5.9429053773966025,0.0,4.976366124793729,-3.9646980406924697,5.025458938872775,-0.18772673712024218,-0.05378836734112168,0.0,456.91924754201244,456.29106040494463,458.2561709951976,458.9512644880169
3.960000000000003,5.543659736259112,-3.7422795709387504,24.57032080572946,5.927700253459328,5.939913611317964,0.0,5.1399062140257685,-4.137287612789055,4.89561252593862,-0.19338417820921083,-0.04298646859621177,0.0,432.80663242408025,433.7134285084935,433.64783428501676,433.1361949743103
4.020000000000002,5.857750447269077,-3.9966105639426686,24.862145037016692,5.916068465025036,5.937467575391903,0.0,5.329600982999572,-4.341198473451714,4.830844331456271,-0.1948370737743271,-0.03666318999019056,0.0,457.71349389201634,458.2157724060416,457.85258040684255,457.70147254933977
4.080000000000001,6.182916587274302,-4.263068734992895,25.149189994607436,5.905415146299649,5.9355411987239926,0.0,5.509089200298756,-4.541512438620923,4.736498845254672,-0.1557580275622518,-0.024273309616099005,0.0,448.9830727072342,449.9870682109835,448.5921861249843,451.7237749597013
4.14,6.518003540609095,-4.540868591700258,25.428346670556596,5.896234303026272,5.933689596484356,0.0,5.6604156568823365,-4.719244640226458,4.5684772248149015,-0.148030323872901,-0.04921370635595817,0.0,425.3723223533982,423.2299364036419,424.52276713942564,425.16224901722745
4.199999999999998,6.861722280912067,-4.8290256051228955,25.69624712120495,5.887172030552051,5.931343438740978,0.0,5.796951901017761,-4.886779440986332,4.361494384267835,-0.15784793954877355,-0.024128836524807355,0.0,408.00103020677943,410.234223080347,411.71443805944153,410.8209839985742
4.259999999999997,7.215349125787346,-5.129201124704624,25.956008793912545,5.877731586034741,5.930777122722812,0.0,5.990201269651035,-5.119716718108078,4.2961505965808495,-0.15634644298533618,0.010149687735245364,0.0,462.41592225877264,465.1091841885571,462.3897127337168,462.48562224724407
4.319999999999996,7.578869372658549,-5.441755403132881,26.207624204066185,5.868218018004153,5.931152456036777,0.0,6.126972963572182,-5.299638772287009,4.090983387563747,-0.1633930789475252,-0.0029667075411199924,0.0,413.5783598709827,412.4209983426032,414.4869664149077,413.84106488867224
4.379999999999995,7.951218346037736,-5.7660057242963605,26.44854316149904,5.858372385865675,5.931631254390467,0.0,6.284344497551619,-5.509523471542967,3.939127099858352,-0.1655316042808622,0.023871531457199426,0.0,433.7661620224109,436.01483678101977,434.1218320203867,433.9159004664382
4.439999999999993,8.333882782835738,-6.104085784112056,26.6825959125917,5.848179478957057,5.932872141025577,0.0,6.470497434892179,-5.760552360512118,3.861545621674117,-0.18041363095475765,0.013385567916164916,0.0,463.08061092024604,462.2547517045712,463.9266741733292,462.72971229161897
4.499999999999992,8.72599830520471,-6.455535390091355,26.907818031480055,5.838047865528173,5.93331080605018,0.0,6.5998103382324,-5.9554014699662785,3.645683456443292,-0.1523454765416912,-0.00902290934621642,0.0,414.21912853724626,412.2430277520072,412.8325132103558,415.27224238245043
4.559999999999991,9.127383943845027,-6.820699684453156,27.123875981358495,5.828675118385588,5.933215230109919,0.0,6.779209638744887,-6.217411676393355,3.555077085831271,-0.16534290791922746,0.010191283626926267,0.0,460.0665006372048,461.5858185417449,463.18409440278253,462.13825932620665
4.6199999999999894,9.539433829990406,-7.201736492354015,27.334281792155625,5.818351071355046,5.93364091973795,0.0,6.955204440675938,-6.484556050569471,3.4572465643741594,-0.19096056281940027,4.3530941253921984e-05,0.0,462.7177105778989,461.91780003305183,462.72274064985737,460.6730532203748
4.679999999999988,9.959226783722334,-7.595620859508151,27.53194603384377,5.807223136189386,5.933773923177178,0.0,7.037970700444893,-6.646132122231669,3.1319572427682743,-0.17628566476746566,0.006243091265562947,0.0,374.44091242124074,375.0437603555732,372.59068400808314,373.9824897606902
4.739999999999987,10.386715130766706,-8.002874800666419,27.716791602067868,5.796854731346123,5.934209690445556,0.0,7.211037489678706,-6.929760623841879,3.0282054806252745,-0.16663444726379426,0.009227997402692686,0.0,463.36662942044154,463.6011822890656,461.15245731024896,461.8868727238314
4.799999999999986,10.822364837310305,-8.424592503406306,27.8900404630771,5.786835415738359,5.9346697840454805,0.0,7.310514458631508,-7.12862994194356,2.746723202019607,-0.167705442517451,0.0043503626260492385,0.0,395.94652047946454,395.4972415696143,395.86010012797215,395.73107551347454
4.859999999999984,11.265567094692486,-8.86058419368739,28.050268654237694,5.776997008087868,5.935017946771961,0.0,7.462402906538707,-7.40526671731366,2.5930910257933335,-0.1574033596086172,0.0085598650973901,0.0,447.64132334786166,447.9837564999446,447.26932103068134,448.0823377340106
4.919999999999983,11.71715853756125,-9.31250908180303,28.199551324712353,5.767684351660055,5.9358895268564265,0.0,7.5902765441784625,-7.659871125727985,2.382278626581922,-0.1511566693500266,0.024374695705614735,0.0,427.740778066079,429.0858677267763,427.9181405377989,428.42595446859343
4.979999999999982,12.176084132596243,-9.77955615058668,28.335418108911146,5.758961537772816,5.93716965766029,0.0,7.7068913413954725,-7.909422549073479,2.146062374003692,-0.1358039782488959,0.014434380902534637,0.0,420.1057967376506,419.242706662871,419.51045645823496,420.8206451810192
5.0399999999999805,12.64385309954497,-10.264456526895424,28.46159403802564,5.750902543492973,5.937970952481088,0.0,7.884615575605937,-8.254526024005582,2.058019409525071,-0.1314993313875532,0.011103571130886858,0.0,479.2222963814654,478.96883783545576,477.8686471500297,478.181518883366
